-2116
-2111
-2106
-2016
-2014
-2012
-2010
-2008
-2007
-2005
-1918
-1915
-1914
-1907
-1905
-1904
-1901
-1836
-1830
-1829
-1828
-1826
-1815
-1809
-1807
-1736
-1732
-1724
-1719
-1703
-1702
-1635
-1631
-1630
-1627
-1626
-1625
-1614
-1607
-1604
-1533
-1532
-1525
-1523
-1519
-1517
-1515
-1514
-1512
-1503
-1434
-1431
-1430
-1427
-1424
-1420
-1419
-1417
-1414
-1406
-1334
-1333
-1310
-1305
-1304
-1302
-1272
-1269
-1265
-1264
-1259
-1258
-1257
-1255
-1249
-1248
-1246
-1243
-1235
-1234
-1232
-1231
-1229
-1224
-1218
-1217
-1214
-1211
-1210
-1203
-1169
-1168
-1165
-1163
-1162
-1159
-1158
-1157
-1154
-1152
-1151
-1148
-1134
-1132
-1130
-1129
-1128
-1127
-1125
-1121
-1119
-1113
-1109
-1107
-1105
-1071
-1070
-1067
-1064
-1059
-1058
-1056
-1055
-1054
-1053
-1048
-1045
-1044
-1043
-1040
-1038
-1033
-1032
-1030
-1028
-1027
-1023
-1022
-1021
-1018
-1014
-1010
-1008
-1005
-1003
-1002
-1001
-969
-963
-949
-945
-942
-941
-929
-927
-924
-923
-918
-907
-905
-904
-865
-860
-853
-847
-846
-844
-842
-841
-840
-838
-834
-832
-831
-830
-814
-813
-805
-802
-771
-769
-765
-756
-753
-751
-748
-747
-745
-743
-738
-737
-735
-731
-730
-728
-721
-719
-717
-716
-708
-702
-672
-670
-664
-659
-652
-651
-645
-644
-638
-637
-635
-629
-617
-616
-610
-608
-605
-604
-602
-571
-568
-567
-561
-556
-550
-545
-544
-543
-540
-539
-537
-535
-533
-531
-529
-527
-522
-521
-516
-513
-506
-505
-504
-501
-470
-466
-462
-460
-459
-454
-450
-448
-446
-444
-442
-440
-438
-437
-436
-435
-433
-432
-431
-427
-423
-420
-419
-417
-416
-411
-409
-408
-407
-371
-367
-356
-353
-347
-343
-342
-340
-338
-337
-334
-333
-332
-320
-311
-310
-307
-305
-302
-268
-267
-263
-260
-259
-256
-253
-247
-246
-244
-243
-241
-239
-238
-237
-232
-231
-229
-227
-223
-211
-206
-205
-167
-166
-163
-162
-159
-152
-150
-146
-145
-144
-139
-138
-137
-135
-132
-131
-130
-129
-128
-126
-123
-120
-118
-117
-113
-111
-107
-102
101
102
104
111
113
117
125
128
131
134
135
137
138
140
144
145
149
152
156
158
159
160
161
163
164
168
169
201
204
207
210
213
214
220
224
225
226
227
228
230
231
232
237
238
241
242
243
244
245
247
248
251
254
256
258
263
264
265
268
269
271
301
304
305
307
308
314
315
317
318
321
322
325
326
328
329
331
333
334
339
340
341
342
343
345
346
348
352
354
355
357
358
360
364
365
366
367
368
369
370
402
404
405
406
407
408
409
411
415
416
419
423
426
428
429
430
435
437
439
440
442
443
445
449
454
457
459
461
462
463
466
467
471
472
501
502
504
505
508
509
510
513
514
517
518
520
522
526
527
528
530
531
535
536
537
538
540
549
550
551
552
557
559
561
562
564
565
566
567
568
572
601
602
606
607
608
609
610
611
613
614
615
618
620
621
624
627
628
629
630
631
632
635
638
640
641
643
645
646
647
648
652
653
654
658
660
662
665
666
667
669
670
702
703
704
705
710
711
713
714
716
719
725
726
728
731
733
735
736
738
740
741
742
743
744
745
747
748
749
755
757
759
761
762
763
764
766
767
768
769
771
772
801
802
805
806
807
812
813
814
816
818
820
822
826
829
830
831
832
834
836
838
841
844
847
848
849
850
853
854
856
858
861
862
864
865
866
901
902
904
905
906
911
912
914
917
919
920
921
922
925
926
927
928
930
931
934
936
937
938
939
940
941
945
947
950
951
952
953
954
957
959
960
962
963
964
966
969
1001
1002
1003
1004
1007
1010
1011
1012
1013
1014
1015
1016
1024
1029
1032
1039
1042
1045
1046
1047
1050
1051
1053
1054
1055
1056
1059
1062
1063
1067
1068
1070
1072
1101
1105
1108
1113
1114
1115
1116
1117
1118
1119
1125
1129
1130
1132
1133
1137
1138
1140
1142
1143
1147
1148
1149
1151
1152
1154
1156
1158
1159
1160
1161
1164
1165
1167
1171
1172
1203
1206
1208
1210
1213
1218
1225
1226
1228
1231
1238
1239
1240
1243
1245
1246
1249
1250
1251
1253
1255
1257
1258
1262
1263
1265
1266
1270
1301
1304
1305
1306
1307
1308
1310
1311
1312
1313
1315
1320
1324
1326
1327
1329
1331
1333
1334
1335
1336
1401
1403
1404
1406
1409
1416
1421
1423
1427
1433
1434
1435
1503
1510
1512
1515
1516
1519
1524
1527
1528
1529
1530
1531
1533
1534
1535
1603
1604
1606
1608
1611
1612
1614
1615
1617
1619
1621
1622
1625
1626
1627
1628
1631
1633
1634
1704
1705
1707
1709
1713
1714
1715
1717
1718
1721
1722
1723
1724
1725
1727
1729
1730
1731
1734
1801
1802
1803
1804
1806
1807
1809
1810
1814
1815
1816
1824
1825
1826
1828
1829
1836
1902
1906
1907
1910
1911
1913
1917
2002
2003
2005
2007
2008
2010
2011
2012
2014
2015
2017
2018
2101
2102
2103
2104
2105
2106
2108
2116
2118
