-2118 0
-2117 1
-2116 0
-2115 1
-2114 0
-2113 1
-2112 0
-2111 1
-2110 0
-2109 1
-2108 0
-2107 1
-2106 0
-2105 1
-2104 0
-2103 1
-2102 0
-2101 1
-2018 1
-2017 1
-2016 1
-2015 1
-2014 1
-2013 1
-2012 1
-2011 1
-2010 1
-2009 1
-2008 1
-2007 1
-2006 1
-2005 1
-2004 1
-2003 1
-2002 1
-2001 1
-1918 1
-1917 1
-1916 1
-1915 1
-1914 1
-1913 1
-1912 1
-1911 1
-1910 1
-1909 1
-1908 1
-1907 1
-1906 1
-1905 1
-1904 1
-1903 1
-1902 1
-1901 1
-1836 1
-1835 1
-1834 0
-1833 1
-1832 1
-1831 0
-1830 1
-1829 1
-1828 0
-1827 1
-1826 1
-1825 0
-1824 1
-1823 1
-1822 0
-1821 1
-1819 0
-1818 1
-1816 0
-1815 1
-1814 1
-1813 0
-1812 1
-1811 1
-1810 0
-1809 1
-1808 1
-1807 0
-1806 1
-1805 1
-1804 0
-1803 1
-1802 1
-1801 0
-1736 1
-1735 1
-1734 1
-1733 1
-1732 1
-1731 1
-1730 1
-1729 1
-1727 1
-1726 1
-1725 1
-1724 1
-1723 1
-1722 1
-1720 1
-1719 1
-1718 1
-1717 1
-1715 1
-1714 1
-1713 1
-1712 1
-1711 1
-1709 1
-1708 1
-1707 1
-1706 1
-1705 1
-1704 1
-1703 1
-1702 1
-1701 1
-1636 1
-1635 1
-1634 1
-1633 1
-1632 1
-1631 1
-1630 1
-1629 1
-1628 1
-1627 1
-1626 1
-1625 1
-1624 1
-1623 1
-1622 1
-1620 1
-1619 1
-1618 1
-1617 1
-1615 1
-1614 1
-1613 1
-1612 1
-1611 1
-1610 1
-1609 1
-1608 1
-1607 1
-1606 1
-1605 1
-1604 1
-1603 1
-1602 1
-1601 1
-1536 1
-1535 0
-1534 1
-1533 0
-1532 1
-1531 0
-1530 1
-1529 0
-1528 1
-1527 0
-1526 1
-1525 0
-1524 1
-1523 0
-1522 1
-1520 1
-1519 0
-1518 1
-1517 0
-1515 0
-1514 1
-1513 0
-1512 1
-1511 0
-1510 1
-1509 0
-1508 1
-1507 0
-1506 1
-1505 0
-1504 1
-1503 0
-1502 1
-1501 0
-1436 1
-1435 1
-1434 1
-1433 1
-1432 1
-1431 1
-1430 1
-1429 1
-1428 1
-1427 1
-1426 1
-1425 1
-1424 1
-1423 1
-1422 1
-1421 1
-1420 1
-1419 1
-1418 1
-1417 1
-1416 1
-1415 1
-1414 1
-1413 1
-1412 1
-1411 1
-1410 1
-1409 1
-1408 1
-1407 1
-1406 1
-1405 1
-1404 1
-1403 1
-1402 1
-1401 1
-1336 1
-1335 1
-1334 1
-1333 1
-1332 1
-1331 1
-1330 1
-1329 1
-1328 1
-1327 1
-1326 1
-1325 1
-1324 1
-1323 1
-1322 1
-1321 1
-1319 1
-1318 1
-1316 1
-1315 1
-1314 1
-1313 1
-1312 1
-1311 1
-1310 1
-1309 1
-1308 1
-1307 1
-1306 1
-1305 1
-1304 1
-1303 1
-1302 1
-1301 1
-1272 1
-1271 0
-1270 1
-1269 1
-1268 1
-1267 0
-1266 1
-1265 1
-1264 1
-1263 0
-1262 1
-1261 1
-1260 1
-1259 0
-1258 1
-1257 1
-1256 1
-1255 0
-1254 1
-1253 1
-1252 1
-1251 0
-1250 1
-1249 1
-1248 1
-1247 0
-1246 1
-1245 1
-1244 1
-1243 0
-1242 1
-1241 1
-1240 1
-1239 0
-1238 1
-1235 0
-1234 1
-1233 1
-1232 1
-1231 0
-1230 1
-1229 1
-1228 1
-1227 0
-1226 1
-1225 1
-1224 1
-1223 0
-1222 1
-1221 1
-1220 1
-1219 0
-1218 1
-1217 1
-1216 1
-1215 0
-1214 1
-1213 1
-1212 1
-1211 0
-1210 1
-1209 1
-1208 1
-1207 0
-1206 1
-1205 1
-1204 1
-1203 0
-1202 1
-1201 1
-1172 1
-1171 1
-1170 1
-1169 1
-1168 1
-1167 1
-1166 1
-1165 1
-1164 1
-1163 1
-1162 1
-1161 1
-1160 1
-1159 1
-1158 1
-1157 1
-1156 1
-1155 1
-1154 1
-1153 1
-1152 1
-1151 1
-1150 1
-1149 1
-1148 1
-1147 1
-1146 1
-1145 1
-1144 1
-1143 1
-1142 1
-1141 1
-1140 1
-1139 1
-1138 1
-1137 1
-1136 1
-1135 1
-1134 1
-1133 1
-1132 1
-1131 1
-1130 1
-1129 1
-1128 1
-1127 1
-1126 1
-1125 1
-1124 1
-1123 1
-1122 1
-1121 1
-1120 1
-1119 1
-1118 1
-1117 1
-1116 1
-1115 1
-1114 1
-1113 1
-1112 1
-1111 1
-1110 1
-1109 1
-1108 1
-1107 1
-1106 1
-1105 1
-1104 1
-1103 1
-1102 1
-1101 1
-1072 1
-1071 0
-1070 1
-1069 1
-1068 0
-1067 1
-1066 1
-1065 0
-1064 1
-1063 1
-1062 0
-1061 1
-1060 1
-1059 0
-1058 1
-1057 1
-1056 0
-1055 1
-1054 1
-1053 0
-1052 1
-1051 1
-1050 0
-1049 0
-1048 1
-1047 0
-1046 1
-1045 1
-1044 0
-1043 1
-1042 1
-1041 0
-1040 1
-1039 1
-1038 0
-1037 1
-1036 1
-1035 0
-1034 1
-1033 1
-1032 0
-1031 1
-1030 1
-1029 0
-1028 1
-1027 1
-1026 0
-1025 0
-1024 1
-1023 0
-1022 1
-1021 1
-1020 0
-1019 1
-1018 1
-1017 0
-1016 1
-1015 1
-1014 0
-1013 1
-1012 1
-1011 0
-1010 1
-1009 1
-1008 0
-1007 1
-1006 1
-1005 0
-1004 1
-1003 1
-1002 0
-1001 0
-972 1
-971 1
-970 1
-969 1
-968 1
-967 1
-966 1
-965 1
-964 1
-963 1
-962 1
-961 1
-960 1
-959 1
-958 1
-957 1
-956 1
-955 1
-954 1
-953 1
-952 1
-951 1
-950 0
-949 0
-948 1
-947 1
-946 1
-945 1
-944 1
-943 1
-942 1
-941 1
-940 1
-939 1
-938 1
-937 1
-936 1
-935 1
-934 1
-933 1
-932 1
-931 1
-930 1
-929 1
-928 1
-927 1
-926 0
-925 0
-924 1
-923 1
-922 1
-921 1
-920 1
-919 1
-918 1
-917 1
-916 1
-915 1
-914 1
-913 1
-912 1
-911 1
-910 1
-909 1
-908 1
-907 1
-906 1
-905 1
-904 1
-903 1
-902 0
-901 0
-872 1
-871 0
-870 1
-868 0
-867 1
-866 1
-865 0
-864 1
-862 0
-861 1
-860 1
-859 0
-858 1
-856 0
-855 1
-854 1
-853 0
-852 1
-850 0
-849 1
-848 1
-847 0
-846 1
-844 0
-843 1
-842 1
-841 0
-840 1
-838 0
-837 1
-836 1
-835 0
-834 1
-832 0
-831 1
-830 1
-829 0
-828 1
-826 0
-825 1
-824 1
-823 0
-822 1
-820 0
-819 1
-818 1
-817 0
-816 1
-814 0
-813 1
-812 1
-811 0
-810 1
-808 0
-807 1
-806 1
-805 0
-804 1
-802 0
-801 1
-772 1
-771 1
-770 1
-769 1
-768 1
-767 1
-766 1
-765 1
-764 1
-763 1
-762 1
-761 1
-760 1
-759 1
-758 1
-757 1
-756 1
-755 1
-754 1
-753 1
-752 1
-751 1
-750 1
-749 1
-748 1
-747 1
-746 1
-745 1
-744 1
-743 1
-742 1
-741 1
-740 1
-739 1
-738 1
-737 1
-736 1
-735 1
-734 1
-733 1
-732 1
-731 1
-730 1
-729 1
-728 1
-727 1
-726 1
-725 1
-724 1
-723 1
-722 1
-721 1
-720 1
-719 1
-718 1
-717 1
-716 1
-715 1
-714 1
-713 1
-712 1
-711 1
-710 1
-709 1
-708 1
-707 1
-706 1
-705 1
-704 1
-703 1
-702 1
-701 1
-672 1
-671 0
-670 1
-669 1
-668 0
-667 1
-666 1
-665 0
-664 1
-663 1
-662 0
-661 1
-660 1
-659 0
-658 1
-657 1
-656 0
-655 1
-654 1
-653 0
-652 1
-651 1
-650 0
-649 1
-648 1
-647 0
-646 1
-645 1
-644 0
-643 1
-642 1
-641 0
-640 1
-639 1
-638 0
-637 1
-636 1
-635 0
-634 1
-633 1
-632 0
-631 1
-630 1
-629 0
-628 1
-627 1
-626 0
-625 1
-624 1
-623 0
-622 1
-621 1
-620 0
-619 1
-618 1
-617 0
-616 1
-615 1
-614 0
-613 1
-612 1
-611 0
-610 1
-609 1
-608 0
-607 1
-606 1
-605 0
-604 1
-603 1
-602 0
-601 1
-572 1
-571 1
-570 1
-569 1
-568 1
-567 1
-566 1
-565 1
-564 1
-563 1
-562 1
-561 1
-560 1
-559 1
-558 1
-557 1
-556 1
-555 1
-554 1
-553 1
-552 1
-551 1
-550 1
-549 1
-548 1
-547 1
-546 1
-545 1
-544 1
-543 1
-542 1
-541 1
-540 1
-539 1
-538 1
-537 1
-536 1
-535 1
-534 1
-533 1
-532 1
-531 1
-530 1
-529 1
-528 1
-527 1
-526 1
-525 1
-524 1
-523 1
-522 1
-521 1
-520 1
-519 1
-518 1
-517 1
-516 1
-515 1
-514 1
-513 1
-512 1
-511 1
-510 1
-509 1
-508 1
-507 1
-506 1
-505 1
-504 1
-503 1
-502 1
-501 1
-472 1
-471 0
-470 1
-469 1
-468 0
-467 1
-466 1
-465 0
-464 1
-463 1
-462 0
-461 1
-460 1
-459 0
-458 1
-457 1
-456 0
-455 1
-454 1
-453 0
-452 1
-451 1
-450 0
-449 1
-448 1
-447 0
-446 1
-445 1
-444 0
-443 1
-442 1
-441 0
-440 1
-439 1
-438 0
-437 1
-436 1
-435 0
-434 1
-433 1
-432 0
-431 1
-430 1
-429 0
-428 1
-427 1
-426 0
-425 1
-424 1
-423 0
-422 1
-421 1
-420 0
-419 1
-418 1
-417 0
-416 1
-415 1
-414 0
-413 1
-412 1
-411 0
-410 1
-409 1
-408 0
-407 1
-406 1
-405 0
-404 1
-403 1
-402 0
-401 1
-372 1
-371 1
-370 1
-369 1
-368 1
-367 1
-366 1
-365 1
-364 1
-363 1
-362 1
-361 1
-360 1
-359 1
-358 1
-357 1
-356 1
-355 1
-354 1
-353 1
-352 1
-351 1
-350 1
-349 1
-348 1
-347 1
-346 1
-345 1
-344 1
-343 1
-342 1
-341 1
-340 1
-339 1
-338 1
-337 1
-336 1
-335 1
-334 1
-333 1
-332 1
-331 1
-330 1
-329 1
-328 1
-327 1
-326 1
-325 1
-324 1
-323 1
-322 1
-321 1
-320 1
-319 1
-318 1
-317 1
-316 1
-315 1
-314 1
-313 1
-312 1
-311 1
-310 1
-309 1
-308 1
-307 1
-306 1
-305 1
-304 1
-303 1
-302 1
-301 1
-272 1
-271 0
-270 1
-268 0
-267 1
-266 1
-265 0
-264 1
-263 1
-262 0
-261 1
-260 1
-259 0
-257 1
-256 0
-255 1
-254 1
-253 0
-252 1
-250 0
-249 1
-248 1
-247 0
-246 1
-245 1
-244 0
-243 1
-242 1
-241 0
-239 1
-238 0
-237 1
-236 1
-235 0
-234 1
-232 0
-231 1
-230 1
-229 0
-228 1
-227 1
-226 0
-225 1
-224 1
-223 0
-221 1
-220 0
-219 1
-218 1
-217 0
-216 1
-214 0
-213 1
-212 1
-211 0
-210 1
-209 1
-208 0
-207 1
-206 1
-205 0
-203 1
-202 0
-201 1
-172 1
-171 1
-170 1
-168 1
-167 1
-166 1
-165 1
-164 1
-163 1
-162 1
-161 1
-160 1
-159 1
-157 1
-156 1
-155 1
-154 1
-153 1
-152 1
-150 1
-149 1
-148 1
-147 1
-146 1
-145 1
-144 1
-143 1
-142 1
-141 1
-139 1
-138 1
-137 1
-136 1
-135 1
-134 1
-132 1
-131 1
-130 1
-129 1
-128 1
-127 1
-126 1
-125 1
-124 1
-123 1
-121 1
-120 1
-119 1
-118 1
-117 1
-116 1
-114 1
-113 1
-112 1
-111 1
-110 1
-109 1
-108 1
-107 1
-106 1
-105 1
-103 1
-102 1
-101 1
101 1
102 1
103 1
104 1
105 1
106 1
107 1
108 1
109 1
110 1
111 1
112 1
113 1
114 1
115 1
116 1
117 1
118 1
119 1
120 1
121 1
122 1
123 1
124 1
125 1
126 1
127 1
128 1
129 1
130 1
131 1
132 1
133 1
134 1
135 1
136 1
137 1
138 1
139 1
140 1
141 1
142 1
143 1
144 1
145 1
146 1
147 1
148 1
149 1
150 1
151 1
152 1
153 1
154 1
155 1
156 1
157 1
158 1
159 1
160 1
161 1
162 1
163 1
164 1
165 1
166 1
167 1
168 1
169 1
170 1
171 1
172 1
201 0
202 1
203 1
204 0
205 1
206 1
207 0
208 1
209 1
210 0
211 1
212 1
213 0
214 1
215 1
216 0
217 1
218 1
219 0
220 1
221 1
222 0
223 1
224 1
225 0
226 1
227 1
228 0
229 1
230 1
231 0
232 1
233 1
234 0
235 1
236 1
237 0
238 1
239 1
240 0
241 1
242 1
243 0
244 1
245 1
246 0
247 1
248 1
249 0
250 1
251 1
252 0
253 1
254 1
255 0
256 1
257 1
258 0
259 1
260 1
261 0
262 1
263 1
264 0
265 1
266 1
267 0
268 1
269 1
270 0
271 1
272 1
301 1
302 1
303 1
304 1
305 1
306 1
307 1
308 1
309 1
310 1
311 1
312 1
313 1
314 1
315 1
316 1
317 1
318 1
319 1
320 1
321 1
322 1
323 1
324 1
325 1
326 1
327 1
328 1
329 1
330 1
331 1
332 1
333 1
334 1
335 1
336 1
337 1
338 1
339 1
340 1
341 1
342 1
343 1
344 1
345 1
346 1
347 1
348 1
349 1
350 1
351 1
352 1
353 1
354 1
355 1
356 1
357 1
358 1
359 1
360 1
361 1
362 1
363 1
364 1
365 1
366 1
367 1
368 1
369 1
370 1
371 1
372 1
401 1
402 0
403 1
404 1
405 0
406 1
407 1
408 0
409 1
410 1
411 0
412 1
413 1
414 0
415 1
416 1
417 0
418 1
419 1
420 0
421 1
422 1
423 0
424 1
425 1
426 0
427 1
428 1
429 0
430 1
431 1
432 0
433 1
434 1
435 0
436 1
437 1
438 0
439 1
440 1
441 0
442 1
443 1
444 0
445 1
446 1
447 0
448 1
449 1
450 0
451 1
452 1
453 0
454 1
455 1
456 0
457 1
458 1
459 0
460 1
461 1
462 0
463 1
464 1
465 0
466 1
467 1
468 0
469 1
470 1
471 0
472 1
501 1
502 1
503 1
504 1
505 1
506 1
507 1
508 1
509 1
510 1
511 1
512 1
513 1
514 1
515 1
516 1
517 1
518 1
519 1
520 1
521 1
522 1
523 1
524 1
525 1
526 1
527 1
528 1
529 1
530 1
531 1
532 1
533 1
534 1
535 1
536 1
537 1
538 1
539 1
540 1
541 1
542 1
543 1
544 1
545 1
546 1
547 1
548 1
549 1
550 1
551 1
552 1
553 1
554 1
555 1
556 1
557 1
558 1
559 1
560 1
561 1
562 1
563 1
564 1
565 1
566 1
567 1
568 1
569 1
570 1
571 1
572 1
601 1
602 0
603 1
604 1
605 0
606 1
607 1
608 0
609 1
610 1
611 0
612 1
613 1
614 0
615 1
616 1
617 0
618 1
619 1
620 0
621 1
622 1
623 0
624 1
625 1
626 0
627 1
628 1
629 0
630 1
631 1
632 0
633 1
634 1
635 0
636 1
637 1
638 0
639 1
640 1
641 0
642 1
643 1
644 0
645 1
646 1
647 0
648 1
649 1
650 0
651 1
652 1
653 0
654 1
655 1
656 0
657 1
658 1
659 0
660 1
661 1
662 0
663 1
664 1
665 0
666 1
667 1
668 0
669 1
670 1
671 0
672 1
701 1
702 1
703 1
704 1
705 1
706 1
707 1
708 1
709 1
710 1
711 1
712 1
713 1
714 1
715 1
716 1
717 1
718 1
719 1
720 1
721 1
722 1
723 1
724 1
725 1
726 1
727 1
728 1
729 1
730 1
731 1
732 1
733 1
734 1
735 1
736 1
737 1
738 1
739 1
740 1
741 1
742 1
743 1
744 1
745 1
746 1
747 1
748 1
749 1
750 1
751 1
752 1
753 1
754 1
755 1
756 1
757 1
758 1
759 1
760 1
761 1
762 1
763 1
764 1
765 1
766 1
767 1
768 1
769 1
770 1
771 1
772 1
801 1
802 0
804 1
805 0
806 1
807 1
808 0
810 1
811 0
812 1
813 1
814 0
816 1
817 0
818 1
819 1
820 0
822 1
823 0
824 1
825 1
826 0
828 1
829 0
830 1
831 1
832 0
834 1
835 0
836 1
837 1
838 0
840 1
841 0
842 1
843 1
844 0
846 1
847 0
848 1
849 1
850 0
852 1
853 0
854 1
855 1
856 0
858 1
859 0
860 1
861 1
862 0
864 1
865 0
866 1
867 1
868 0
870 1
871 0
872 1
901 1
902 1
903 1
904 1
905 1
906 1
907 1
908 1
909 1
910 1
911 1
912 1
913 0
914 0
915 1
916 1
917 1
918 1
919 1
920 1
921 1
922 1
923 1
924 1
925 1
926 1
927 1
928 1
929 1
930 1
931 1
932 1
933 1
934 1
935 1
936 1
937 0
938 0
939 1
940 1
941 1
942 1
943 1
944 1
945 1
946 1
947 1
948 1
949 1
950 1
951 1
952 1
953 1
954 1
955 1
956 1
957 1
958 1
959 1
960 1
961 0
962 0
963 1
964 1
965 1
966 1
967 1
968 1
969 1
970 1
971 1
972 1
1001 1
1002 0
1003 1
1004 1
1005 0
1006 1
1007 1
1008 0
1009 1
1010 1
1011 0
1012 1
1013 0
1014 0
1015 1
1016 1
1017 0
1018 1
1019 1
1020 0
1021 1
1022 1
1023 0
1024 1
1025 1
1026 0
1027 1
1028 1
1029 0
1030 1
1031 1
1032 0
1033 1
1034 1
1035 0
1036 1
1037 0
1038 0
1039 1
1040 1
1041 0
1042 1
1043 1
1044 0
1045 1
1046 1
1047 0
1048 1
1049 1
1050 0
1051 1
1052 1
1053 0
1054 1
1055 1
1056 0
1057 1
1058 1
1059 0
1060 1
1061 0
1062 0
1063 1
1064 1
1065 0
1066 1
1067 1
1068 0
1069 1
1070 1
1071 0
1072 1
1101 1
1102 1
1103 1
1104 1
1105 1
1106 1
1107 1
1108 1
1109 1
1110 1
1111 1
1112 1
1113 1
1114 1
1115 1
1116 1
1117 1
1118 1
1119 1
1120 1
1121 1
1122 1
1123 1
1124 1
1125 1
1126 1
1127 1
1128 1
1129 1
1130 1
1131 1
1132 1
1133 1
1134 1
1135 1
1136 1
1137 1
1138 1
1139 1
1140 1
1141 1
1142 1
1143 1
1144 1
1145 1
1146 1
1147 1
1148 1
1149 1
1150 1
1151 1
1152 1
1153 1
1154 1
1155 1
1156 1
1157 1
1158 1
1159 1
1160 1
1161 1
1162 1
1163 1
1164 1
1165 1
1166 1
1167 1
1168 1
1169 1
1170 1
1171 1
1172 1
1201 1
1202 0
1203 1
1204 1
1205 1
1206 0
1207 1
1208 1
1209 1
1210 0
1211 1
1212 1
1213 1
1214 0
1215 1
1216 1
1217 1
1218 0
1219 1
1220 1
1221 1
1222 0
1223 1
1224 1
1225 1
1226 0
1227 1
1228 1
1229 1
1230 0
1231 1
1232 1
1233 1
1234 0
1235 1
1236 1
1237 1
1238 0
1239 1
1240 1
1241 1
1242 0
1243 1
1244 1
1245 1
1246 0
1247 1
1248 1
1249 1
1250 0
1251 1
1252 1
1253 1
1254 0
1255 1
1256 1
1257 1
1258 0
1259 1
1260 1
1261 1
1262 0
1263 1
1264 1
1265 1
1266 0
1267 1
1268 1
1269 1
1270 0
1271 1
1272 1
1301 1
1302 1
1303 1
1304 1
1305 1
1306 1
1307 1
1308 1
1309 1
1310 1
1311 1
1312 1
1313 1
1314 1
1315 1
1316 1
1317 1
1318 1
1319 1
1320 1
1321 1
1322 1
1323 1
1324 1
1325 1
1326 1
1327 1
1328 1
1329 1
1330 1
1331 1
1332 1
1333 1
1334 1
1335 1
1336 1
1401 1
1402 1
1403 1
1404 1
1405 1
1406 1
1407 1
1408 1
1409 1
1410 1
1411 1
1412 1
1413 1
1414 1
1415 1
1416 1
1417 1
1418 1
1419 1
1420 1
1421 1
1422 1
1423 1
1424 1
1425 1
1426 1
1427 1
1428 1
1429 1
1430 1
1431 1
1432 1
1433 1
1434 1
1435 1
1436 1
1501 1
1502 0
1503 1
1504 0
1505 1
1506 0
1507 1
1508 0
1509 1
1510 0
1511 1
1512 0
1513 1
1514 0
1515 1
1516 0
1517 1
1518 0
1519 1
1520 0
1521 1
1522 0
1523 1
1524 0
1525 1
1526 0
1527 1
1528 0
1529 1
1530 0
1531 1
1532 0
1533 1
1534 0
1535 1
1536 0
1601 1
1602 1
1603 1
1604 1
1605 1
1606 1
1607 1
1608 1
1609 1
1610 1
1611 1
1612 1
1613 1
1614 1
1615 1
1616 1
1617 1
1618 1
1619 1
1620 1
1621 1
1622 1
1623 1
1624 1
1625 1
1626 1
1627 1
1628 1
1629 1
1630 1
1631 1
1632 1
1633 1
1634 1
1635 1
1636 1
1701 1
1702 1
1703 1
1704 1
1705 1
1706 1
1707 1
1708 1
1709 1
1711 1
1712 1
1713 1
1714 1
1715 1
1716 1
1717 1
1718 1
1719 1
1720 1
1721 1
1722 1
1723 1
1724 1
1725 1
1726 1
1727 1
1729 1
1730 1
1731 1
1732 1
1733 1
1734 1
1735 1
1736 1
1801 0
1802 1
1803 1
1804 0
1805 1
1806 1
1807 0
1808 1
1809 1
1810 0
1811 1
1812 1
1813 0
1814 1
1815 1
1816 0
1817 1
1818 1
1819 0
1820 1
1821 1
1822 0
1823 1
1824 1
1825 0
1826 1
1827 1
1828 0
1829 1
1830 1
1831 0
1832 1
1833 1
1834 0
1835 1
1836 1
1901 1
1902 1
1903 1
1904 1
1905 1
1906 1
1907 1
1908 1
1909 1
1910 1
1911 1
1912 1
1913 1
1914 1
1915 1
1916 1
1917 1
1918 1
2001 1
2002 1
2003 1
2004 1
2005 1
2006 1
2007 1
2008 1
2009 1
2010 1
2011 1
2012 1
2013 1
2014 1
2015 1
2016 1
2017 1
2018 1
2101 0
2102 1
2103 0
2104 1
2105 0
2106 1
2107 0
2108 1
2109 0
2110 1
2111 0
2112 1
2113 0
2114 1
2115 0
2116 1
2117 0
2118 1
