1 1903 1
2 1618 1
3 1606 1
4 1707 1
5 1612 1
6 1608 1
7 1704 1
8 1806 1
9 1605 1
10 1706 1
11 1705 1
12 1905 1
13 1604 1
14 1715 1
15 1702 1
16 1904 1
17 1609 1
18 1607 1
19 1808 1
20 1812 1
21 1611 1
22 1711 1
23 1809 1
24 1811 1
25 1717 1
26 1716 1
27 1617 1
28 1703 1
29 1616 1
30 1603 1
31 1712 1
32 110 1
33 1602 1
34 1718 1
35 1802 1
36 1817 1
37 1610 1
38 1708 1
39 1901 1
40 1615 1
41 1601 1
42 1908 1
43 1909 1
44 1714 1
45 1701 1
46 1805 1
47 1709 1
48 1814 1
49 -736 1
50 -631 1
51 -731 1
52 -634 1
53 -733 1
54 -636 1
55 -136 1
56 -333 1
57 -433 1
58 -131 1
59 -236 1
60 -431 1
61 -334 1
62 -532 1
63 -732 1
64 -534 1
65 -831 1
66 -535 1
67 -336 1
68 -134 1
69 -434 1
70 -231 1
71 -132 1
72 -234 1
73 1613 1
74 -436 1
75 1906 1
76 -536 1
77 1815 1
78 -735 1
79 2108 1
80 -734 1
81 1907 1
82 -335 1
83 1713 1
84 -931 1
85 1614 1
86 -633 1
87 2106 1
88 -531 1
89 2006 1
90 -135 1
91 1902 1
92 -332 1
93 2004 1
94 -331 1
95 2005 1
96 -533 1
97 2104 1
98 -834 1
99 2007 1
100 -933 1
101 2001 1
102 -1131 1
103 2009 1
104 -932 1
105 2002 1
106 -1031 1
107 2102 1
108 -935 1
109 2008 1
110 -1233 1
111 2003 1
112 -1232 1
113 1803 1
114 -1234 1
115 -934 1
116 -1316 1
117 -936 1
118 -1034 1
119 -1132 1
120 -1136 1
121 -1134 1
122 -1035 0
123 -1417 1
124 -1416 1
125 -1033 1
126 0 0
127 -1135 1
128 0 0
129 -836 1
130 0 0
131 -1318 1
132 0 0
133 -1036 1
134 0 0
135 -1235 0
136 -1231 0
137 -1518 1
138 -1032 0
139 -1133 1
140 -835 0
141 -1517 0
142 1804 0
143 -1418 1
144 -435 0
145 1813 0
146 2103 0
147 -232 0
148 1801 0
149 1810 0
150 -632 0
151 -832 0
152 2109 0
153 2107 0
154 2101 0
155 -432 0
156 1816 0
157 -635 0
158 1807 0
159 -235 0
160 2105 0
161 918 1
162 713 1
163 513 1
164 1309 1
165 1114 1
166 717 1
167 1118 1
168 118 1
169 1117 1
170 716 1
171 615 1
172 616 1
173 316 1
174 1217 1
175 718 1
176 517 1
177 916 1
178 818 1
179 516 1
180 1115 1
181 218 1
182 416 1
183 1015 1
184 217 1
185 518 1
186 613 1
187 915 1
188 314 1
189 214 1
190 1215 1
191 315 1
192 114 1
193 418 1
194 113 1
195 116 1
196 215 1
197 917 1
198 1213 1
199 618 1
200 1407 1
201 1018 1
202 1507 1
203 0 0
204 1116 1
205 1409 1
206 1307 1
207 714 1
208 -739 1
209 -737 1
210 -540 1
211 -337 1
212 -141 1
213 -537 1
214 -541 1
215 -138 1
216 -642 1
217 -338 1
218 -741 1
219 -637 1
220 -840 1
221 -139 1
222 -538 1
223 -738 1
224 -340 1
225 -539 1
226 -439 1
227 -837 1
228 -239 1
229 -339 1
230 -242 1
231 -237 1
232 -437 1
233 1216 1
234 715 1
235 -742 1
236 1408 1
237 -341 1
238 318 1
239 -342 1
240 117 1
241 -639 1
242 115 1
243 -142 1
244 1509 1
245 -740 1
246 317 1
247 -542 1
248 1308 1
249 -842 1
250 413 1
251 -442 1
252 1113 1
253 -440 1
254 313 1
255 -640 1
256 813 1
257 415 1
258 -1242 1
259 514 1
260 -938 1
261 515 1
262 -942 1
263 816 1
264 -1238 1
265 1016 1
266 0 0
267 -937 1
268 0 0
269 -1142 1
270 0 0
271 -939 1
272 -1321 1
273 -137 1
274 0 0
275 -1042 1
276 -1419 1
277 -940 1
278 -1039 1
279 -941 1
280 -1241 1
281 -1138 1
282 -1420 1
283 -1240 1
284 -1140 1
285 -1519 0
286 -1040 1
287 -1141 1
288 1218 0
289 -1137 1
290 1508 0
291 -1037 1
292 913 0
293 -1421 1
294 -438 0
295 -1520 1
296 1013 0
297 -1319 1
298 1017 0
299 -1239 0
300 -1041 0
301 -1139 1
302 -641 0
303 -1038 0
304 -238 0
305 814 0
306 417 0
307 216 0
308 614 0
309 817 0
310 1214 0
311 914 0
312 617 0
313 -838 0
314 1014 0
315 -441 0
316 414 0
317 -638 0
318 -841 0
319 -241 0
320 213 0
321 1040 1
322 1420 1
323 1142 1
324 439 1
325 1140 1
326 1039 1
327 1141 1
328 337 1
329 1042 1
330 740 1
331 1521 1
332 140 1
333 1421 1
334 742 1
335 1240 1
336 1138 1
337 1241 1
338 941 1
339 138 1
340 741 1
341 1320 1
342 840 1
343 342 1
344 942 1
345 842 1
346 338 1
347 1137 1
348 241 1
349 339 1
350 341 1
351 1321 1
352 1519 1
353 141 1
354 1237 1
355 142 1
356 837 1
357 940 1
358 538 1
359 242 1
360 537 1
361 1419 1
362 437 1
363 340 1
364 738 1
365 1139 1
366 640 1
367 1239 1
368 737 1
369 639 1
370 540 1
371 939 1
372 642 1
373 139 1
374 1422 1
375 440 1
376 1148 1
377 739 1
378 1045 1
379 541 1
380 1043 1
381 239 1
382 945 1
383 442 1
384 1245 1
385 539 1
386 1423 1
387 137 1
388 744 1
389 542 1
390 1145 1
391 238 1
392 1147 1
393 543 1
394 345 1
395 1243 1
396 143 1
397 944 1
398 244 1
399 1244 1
400 544 1
401 1247 1
402 344 1
403 843 1
404 445 1
405 545 1
406 1144 1
407 548 1
408 443 1
409 347 1
410 1322 1
411 743 1
412 144 1
413 643 1
414 343 1
415 943 1
416 645 1
417 1146 1
418 746 1
419 448 1
420 148 1
421 547 1
422 146 1
423 147 1
424 747 1
425 745 1
426 946 1
427 145 1
428 1523 1
429 247 1
430 446 1
431 1424 1
432 1324 1
433 245 1
434 1248 1
435 1143 1
436 848 1
437 1323 1
438 948 1
439 947 1
440 248 1
441 348 1
442 1520 0
443 846 1
444 938 0
445 1048 1
446 1238 0
447 748 1
448 1038 0
449 546 1
450 841 0
451 1046 1
452 937 0
453 346 1
454 1044 0
455 646 1
456 240 0
457 637 1
458 641 0
459 648 1
460 638 0
461 1319 1
462 444 0
463 838 0
464 1037 0
465 447 0
466 847 0
467 1242 0
468 243 0
469 1041 0
470 246 0
471 1246 0
472 438 0
473 1047 0
474 441 0
475 844 0
476 237 0
477 644 0
478 1522 0
479 647 0
480 1524 0
481 1123 1
482 622 1
483 1511 1
484 1021 1
485 824 1
486 1120 1
487 922 1
488 819 1
489 1411 1
490 1121 1
491 1122 1
492 919 1
493 722 1
494 519 1
495 1412 1
496 920 1
497 1220 1
498 424 1
499 1410 1
500 1311 1
501 921 1
502 1224 1
503 1310 1
504 1019 1
505 1221 1
506 923 1
507 1024 1
508 422 1
509 924 1
510 522 1
511 323 1
512 1119 1
513 720 1
514 721 1
515 723 1
516 322 1
517 1223 1
518 619 1
519 1312 1
520 719 1
521 1022 1
522 324 1
523 523 1
524 123 1
525 621 1
526 220 1
527 724 1
528 124 1
529 223 1
530 224 1
531 122 1
532 319 1
533 1124 1
534 624 1
535 524 1
536 321 1
537 120 1
538 933 1
539 822 1
540 419 1
541 521 1
542 421 1
543 119 1
544 1416 1
545 221 1
546 135 1
547 320 1
548 1132 1
549 121 1
550 132 1
551 520 1
552 932 1
553 232 1
554 1031 1
555 1033 1
556 633 1
557 331 1
558 436 1
559 131 1
560 533 1
561 1133 1
562 631 1
563 333 1
564 532 1
565 133 1
566 136 1
567 236 1
568 732 1
569 535 1
570 332 1
571 433 1
572 134 1
573 831 1
574 434 1
575 531 1
576 731 1
577 734 1
578 335 1
579 1131 1
580 736 1
581 935 1
582 534 1
583 336 1
584 834 1
585 334 1
586 431 1
587 931 1
588 1316 1
589 733 1
590 1034 1
591 634 1
592 636 1
593 536 1
594 1231 1
595 836 1
596 1318 1
597 735 1
598 1236 1
599 235 1
600 934 1
601 1135 1
602 936 1
603 1134 1
604 1219 1
605 1418 1
606 423 0
607 1136 1
608 820 0
609 1317 1
610 1023 0
611 1235 1
612 1020 0
613 1517 1
614 1222 0
615 1233 1
616 623 0
617 1232 1
618 1510 0
619 1036 1
620 1512 0
621 233 1
622 823 0
623 1417 1
624 1035 0
625 420 0
626 832 0
627 231 0
628 1234 0
629 435 0
630 835 0
631 234 0
632 635 0
633 1032 0
634 620 0
635 222 0
636 219 0
637 632 0
638 432 0
639 1516 0
640 1518 0
641 -743 1
642 -725 1
643 -348 1
644 -126 1
645 -448 1
646 -625 1
647 -843 1
648 -527 1
649 -746 1
650 -728 1
651 -225 1
652 -329 1
653 -130 1
654 -430 1
655 -326 1
656 -427 1
657 -327 1
658 -525 1
659 -325 1
660 -228 1
661 -828 1
662 -328 1
663 -825 1
664 -628 1
665 -729 1
666 -330 1
667 -627 1
668 -630 1
669 -529 1
670 -125 1
671 -526 1
672 -128 1
673 -727 1
674 -745 1
675 -227 1
676 -726 1
677 -730 1
678 -127 1
679 -830 1
680 -428 1
681 -129 1
682 -344 1
683 -528 1
684 -645 1
685 -530 1
686 -345 1
687 -230 1
688 -243 1
689 -646 1
690 -748 1
691 -343 1
692 -648 1
693 -144 1
694 -245 1
695 -544 1
696 -744 1
697 -546 1
698 -246 1
699 -145 1
700 -547 1
701 -445 1
702 -446 1
703 -346 1
704 -548 1
705 -545 1
706 -248 1
707 -543 1
708 -143 1
709 -643 1
710 -146 1
711 -347 1
712 -443 1
713 -848 1
714 -1130 1
715 -147 1
716 -1314 1
717 -747 1
718 -1313 1
719 -148 1
720 -1225 1
721 -1248 1
722 -1226 1
723 -1324 1
724 -1414 1
725 -1522 1
726 -1129 1
727 -1246 1
728 -1028 1
729 -425 1
730 -1030 1
731 -1514 1
732 -930 1
733 -1413 1
734 -1315 1
735 -928 1
736 -1027 1
737 -1422 1
738 -1227 0
739 -1143 1
740 -1230 1
741 -1144 1
742 -1415 1
743 -1423 1
744 -1228 1
745 -944 1
746 -1128 1
747 -1524 1
748 -943 1
749 -945 1
750 -1229 1
751 -1043 1
752 -1127 1
753 -1244 1
754 -1126 1
755 -1147 1
756 -927 1
757 -1145 1
758 -1125 1
759 -948 1
760 -929 1
761 -1146 1
762 -444 0
763 -1048 1
764 -1044 0
765 -1046 1
766 -1025 0
767 -1245 1
768 -644 0
769 -1323 1
770 -844 0
771 -947 1
772 -226 0
773 -1148 1
774 -426 0
775 -1322 1
776 -229 0
777 -846 1
778 -1026 0
779 -1424 1
780 -626 0
781 -1045 1
782 -429 0
783 -946 1
784 -629 0
785 -1247 0
786 -1047 0
787 -1523 0
788 -244 0
789 -647 0
790 -847 0
791 -1243 0
792 -447 0
793 -926 0
794 -1029 0
795 -1515 0
796 -247 0
797 -1513 0
798 -925 0
799 -826 0
800 -829 0
801 -1253 1
802 -752 1
803 -1526 1
804 -654 1
805 -1325 1
806 -1250 1
807 -1327 1
808 250 1
809 451 1
810 1326 1
811 1252 1
812 -1051 1
813 954 1
814 749 1
815 1253 1
816 1527 1
817 1327 1
818 952 1
819 1251 1
820 150 1
821 1052 1
822 654 1
823 352 1
824 149 1
825 -1054 1
826 -1153 1
827 -1427 1
828 -754 1
829 -1154 1
830 -352 1
831 -1252 1
832 -1152 1
833 -1149 1
834 -652 1
835 1426 1
836 -953 1
837 353 1
838 -552 1
839 -1426 1
840 349 1
841 251 1
842 -353 1
843 1054 1
844 151 1
845 1152 1
846 351 1
847 953 1
848 549 1
849 -750 1
850 -550 1
851 -651 1
852 -852 1
853 -1254 1
854 -354 1
855 -553 1
856 -451 1
857 -753 1
858 -952 1
859 -1150 1
860 -1425 1
861 -1052 1
862 -854 1
863 -452 1
864 -954 1
865 -252 1
866 -454 1
867 551 1
868 649 1
869 1154 1
870 -1151 1
871 949 1
872 -554 1
873 -254 1
874 -150 1
875 -153 1
876 -349 1
877 -551 1
878 -849 1
879 -649 1
880 -152 1
881 -1326 1
882 751 1
883 -1249 1
884 1525 1
885 849 1
886 1153 1
887 1151 1
888 651 1
889 350 1
890 1249 1
891 449 1
892 1149 1
893 550 1
894 750 1
895 254 1
896 1150 1
897 -350 1
898 -749 1
899 -449 1
900 -249 1
901 -751 1
902 -549 1
903 -351 1
904 1427 1
905 -154 1
906 752 1
907 1325 1
908 1049 1
909 153 1
910 951 1
911 554 1
912 754 1
913 553 1
914 452 1
915 652 1
916 1051 1
917 152 1
918 852 1
919 753 1
920 854 1
921 354 1
922 -1050 0
923 454 1
924 -653 0
925 253 1
926 -853 0
927 154 1
928 -1049 0
929 1425 1
930 -1525 0
931 552 1
932 450 0
933 950 1
934 -1527 0
935 -149 1
936 650 0
937 -951 1
938 1053 0
939 0 0
940 453 0
941 0 0
942 850 0
943 249 0
944 1250 0
945 -453 0
946 -250 0
947 -950 0
948 -450 0
949 -253 0
950 -850 0
951 -1251 0
952 -949 0
953 -1053 0
954 252 0
955 -650 0
956 1526 0
957 1050 0
958 1254 0
959 653 0
960 853 0
961 -1309 1
962 -312 1
963 -1012 1
964 -508 1
965 -1018 1
966 -1407 1
967 -1409 1
968 -1009 1
969 -1307 1
970 -616 1
971 -613 1
972 -1218 1
973 -1013 1
974 -513 1
975 -1308 1
976 -310 1
977 -1209 1
978 -1306 1
979 -112 1
980 -109 1
981 -110 1
982 -810 1
983 -113 1
984 -511 1
985 -218 1
986 -212 1
987 -618 1
988 -612 1
989 -512 1
990 -707 1
991 -216 1
992 -418 1
993 -116 1
994 -813 1
995 -916 1
996 -717 1
997 -1113 1
998 -318 1
999 -610 1
1000 -1108 1
1001 -712 1
1002 -1010 1
1003 -1109 1
1004 -1305 1
1005 -711 1
1006 -1007 1
1007 -1304 1
1008 -407 1
1009 -316 1
1010 -416 1
1011 -517 1
1012 -817 0
1013 -516 1
1014 -515 1
1015 -1216 1
1016 -1116 1
1017 -918 1
1018 -314 1
1019 -514 1
1020 -615 1
1021 -714 1
1022 -1213 1
1023 -911 1
1024 -1406 1
1025 -1405 1
1026 -908 1
1027 -609 1
1028 -311 1
1029 -308 1
1030 -710 1
1031 -1404 1
1032 -1208 1
1033 -816 1
1034 -117 1
1035 -818 1
1036 -518 1
1037 -915 1
1038 -713 1
1039 -1508 1
1040 -313 1
1041 -1408 1
1042 -1217 1
1043 -413 1
1044 -715 1
1045 -415 1
1046 -1114 1
1047 -210 1
1048 -111 1
1049 -910 1
1050 -1110 1
1051 -1112 1
1052 -209 1
1053 -510 1
1054 -409 1
1055 -207 1
1056 -1111 1
1057 -917 1
1058 -1214 1
1059 -718 1
1060 -716 1
1061 -1015 1
1062 -1115 1
1063 -914 1
1064 -317 1
1065 -114 1
1066 -213 1
1067 -1016 1
1068 -1118 1
1069 -118 1
1070 -412 1
1071 -912 1
1072 -909 1
1073 -1504 1
1074 -1107 1
1075 -1506 1
1076 -1210 1
1077 -812 1
1078 -509 1
1079 -108 1
1080 -107 1
1081 -315 1
1082 -1117 1
1083 -913 1
1084 0 0
1085 -410 1
1086 0 0
1087 -507 1
1088 -414 0
1089 -607 1
1090 -1211 0
1091 -307 1
1092 -608 0
1093 -708 1
1094 -1507 0
1095 -709 1
1096 -1509 0
1097 -907 1
1098 -211 0
1099 -1212 1
1100 -611 0
1101 -309 1
1102 -1207 0
1103 -807 1
1104 -1008 0
1105 -217 0
1106 -1011 0
1107 -1014 0
1108 -1215 0
1109 -614 0
1110 -617 0
1111 -417 0
1112 -1017 0
1113 -814 0
1114 -808 0
1115 -1505 0
1116 -214 0
1117 -408 0
1118 -411 0
1119 -811 0
1120 -208 0
1121 1201 1
1122 1104 1
1123 1106 1
1124 1207 1
1125 1404 1
1126 1107 1
1127 801 1
1128 1209 1
1129 1006 1
1130 412 1
1131 908 1
1132 212 1
1133 1204 1
1134 509 1
1135 606 1
1136 704 1
1137 702 1
1138 109 1
1139 1108 1
1140 208 1
1141 107 1
1142 111 1
1143 1010 1
1144 511 1
1145 211 1
1146 112 1
1147 603 1
1148 807 1
1149 309 1
1150 708 1
1151 1305 1
1152 1007 1
1153 503 1
1154 311 1
1155 1109 1
1156 108 1
1157 1405 1
1158 1406 1
1159 404 1
1160 607 1
1161 711 1
1162 709 1
1163 707 1
1164 508 1
1165 1211 1
1166 209 1
1167 907 1
1168 909 1
1169 604 1
1170 612 1
1171 804 1
1172 710 1
1173 705 1
1174 1111 1
1175 902 1
1176 310 1
1177 306 1
1178 510 1
1179 903 1
1180 512 1
1181 1009 1
1182 307 1
1183 1105 1
1184 810 1
1185 410 1
1186 1212 1
1187 912 1
1188 1103 1
1189 1208 1
1190 506 1
1191 610 1
1192 206 1
1193 409 1
1194 1012 1
1195 609 1
1196 1304 1
1197 1306 1
1198 104 1
1199 911 1
1200 406 1
1201 1505 1
1202 504 1
1203 312 1
1204 904 1
1205 812 1
1206 407 1
1207 1112 1
1208 502 1
1209 712 1
1210 905 1
1211 507 1
1212 1402 1
1213 1110 1
1214 403 1
1215 806 1
1216 308 1
1217 1501 1
1218 301 1
1219 106 1
1220 1203 1
1221 203 1
1222 305 1
1223 1004 1
1224 101 1
1225 906 1
1226 303 1
1227 1101 1
1228 601 1
1229 706 1
1230 1401 1
1231 901 1
1232 304 1
1233 505 1
1234 302 1
1235 105 1
1236 1001 1
1237 703 1
1238 205 1
1239 202 1
1240 1302 1
1241 1003 1
1242 0 0
1243 501 1
1244 910 1
1245 1102 1
1246 808 0
1247 1301 1
1248 802 0
1249 1503 1
1250 1502 0
1251 1205 1
1252 602 0
1253 701 1
1254 402 0
1255 102 1
1256 405 0
1257 103 1
1258 201 0
1259 1403 1
1260 1206 0
1261 1303 1
1262 805 0
1263 401 1
1264 1202 0
1265 1504 0
1266 411 0
1267 1005 0
1268 204 0
1269 408 0
1270 210 0
1271 1008 0
1272 811 0
1273 611 0
1274 207 0
1275 1002 0
1276 1506 0
1277 1210 0
1278 605 0
1279 608 0
1280 1011 0
1281 527 1
1282 1130 1
1283 1126 1
1284 327 1
1285 1315 1
1286 1415 1
1287 928 1
1288 325 1
1289 1229 1
1290 526 1
1291 1228 1
1292 230 1
1293 525 1
1294 1030 1
1295 930 1
1296 326 1
1297 1515 1
1298 927 1
1299 328 1
1300 929 1
1301 728 1
1302 1414 1
1303 227 1
1304 1028 1
1305 1128 1
1306 425 1
1307 430 1
1308 726 1
1309 427 1
1310 1314 1
1311 926 1
1312 1513 1
1313 1125 1
1314 1027 1
1315 128 1
1316 727 1
1317 127 1
1318 1127 1
1319 329 1
1320 530 1
1321 428 1
1322 1025 1
1323 1227 1
1324 126 1
1325 129 1
1326 1313 1
1327 729 1
1328 925 1
1329 229 1
1330 830 1
1331 528 1
1332 628 1
1333 1413 1
1334 125 1
1335 1225 1
1336 630 1
1337 625 1
1338 226 1
1339 627 1
1340 130 1
1341 529 1
1342 1129 1
1343 725 1
1344 171 1
1345 825 1
1346 470 1
1347 828 1
1348 670 1
1349 730 1
1350 970 1
1351 330 1
1352 872 1
1353 969 1
1354 167 1
1355 1067 1
1356 371 1
1357 271 1
1358 172 1
1359 968 1
1360 771 1
1361 170 1
1362 967 1
1363 472 1
1364 971 1
1365 372 1
1366 770 1
1367 672 1
1368 1167 1
1369 272 1
1370 567 1
1371 570 1
1372 268 1
1373 1169 1
1374 571 1
1375 870 1
1376 1069 1
1377 370 1
1378 1072 1
1379 1170 1
1380 572 1
1381 169 1
1382 569 1
1383 1435 1
1384 367 1
1385 867 1
1386 467 1
1387 1070 1
1388 1334 1
1389 667 1
1390 369 1
1391 568 1
1392 469 1
1393 1535 1
1394 972 1
1395 767 1
1396 1171 1
1397 1267 1
1398 669 1
1399 269 1
1400 769 1
1401 368 1
1402 1172 1
1403 1336 1
1404 1168 1
1405 772 1
1406 1514 0
1407 1268 1
1408 629 0
1409 1272 1
1410 626 0
1411 1436 1
1412 1071 0
1413 1335 1
1414 1226 0
1415 1434 1
1416 270 0
1417 1271 1
1418 468 0
1419 168 1
1420 429 0
1421 768 1
1422 225 0
1423 1269 1
1424 471 0
1425 426 0
1426 1230 0
1427 826 0
1428 1029 0
1429 829 0
1430 1536 0
1431 668 0
1432 228 0
1433 1068 0
1434 868 0
1435 1534 0
1436 871 0
1437 1270 0
1438 267 0
1439 671 0
1440 1026 0
1441 -1615 1
1442 -1814 1
1443 -1815 1
1444 -1622 1
1445 -1718 1
1446 -1909 1
1447 -1619 1
1448 -1818 1
1449 -1628 1
1450 -1911 1
1451 -1636 1
1452 -1717 1
1453 0 0
1454 -1618 1
1455 0 0
1456 -1715 1
1457 0 0
1458 -1617 1
1459 0 0
1460 -1908 1
1461 0 0
1462 -1620 1
1463 0 0
1464 -1816 0
1465 -1833 1
1466 -1624 1
1467 -2007 1
1468 -1836 1
1469 -1631 1
1470 -1829 1
1471 -1810 0
1472 -1726 1
1473 -1825 0
1474 -1614 1
1475 -1821 1
1476 -1827 1
1477 -1910 1
1478 -1714 1
1479 -1720 1
1480 -2115 1
1481 -1819 0
1482 -1612 1
1483 -1822 0
1484 -1713 1
1485 -1823 1
1486 -2008 1
1487 -1719 1
1488 -1722 1
1489 -1832 1
1490 -1824 1
1491 -1835 1
1492 -1623 1
1493 -2014 1
1494 -1830 1
1495 -1913 1
1496 -1633 1
1497 -2011 1
1498 -1626 1
1499 -1733 1
1500 -1736 1
1501 -1731 1
1502 -1632 1
1503 -2018 1
1504 -1725 1
1505 -1917 1
1506 -1627 1
1507 -2113 1
1508 -2015 1
1509 -2017 1
1510 -2016 1
1511 -1625 1
1512 -2109 1
1513 -2010 1
1514 -1609 1
1515 -2111 1
1516 -2003 1
1517 -2117 1
1518 -1630 1
1519 -2009 1
1520 -1903 1
1521 -1730 1
1522 -1706 1
1523 -1912 1
1524 -1611 1
1525 -2004 1
1526 -1705 1
1527 -1635 1
1528 -1809 1
1529 -1735 1
1530 -1902 1
1531 -1613 1
1532 -2002 1
1533 -1634 1
1534 -2101 1
1535 -1907 1
1536 -1812 1
1537 -1805 1
1538 -1723 1
1539 -1608 1
1540 -1916 1
1541 -1607 1
1542 -2012 1
1543 -1808 1
1544 -1729 1
1545 -1709 1
1546 -1914 1
1547 -1701 1
1548 -1918 1
1549 -1704 1
1550 -2105 1
1551 -1901 1
1552 -1610 1
1553 -1724 1
1554 -1703 1
1555 -1905 1
1556 -1606 1
1557 -1707 1
1558 -1802 1
1559 -1601 1
1560 -2001 1
1561 -1904 1
1562 -1702 1
1563 -1708 1
1564 -1602 1
1565 -1727 1
1566 -1604 1
1567 -1811 1
1568 -1603 1
1569 -1712 1
1570 -2103 1
1571 -1734 1
1572 -1629 1
1573 -2006 1
1574 -1732 1
1575 -2005 1
1576 -1826 1
1577 -1803 1
1578 -1605 1
1579 -2107 1
1580 -1915 1
1581 -1711 1
1582 -2013 1
1583 -1906 1
1584 -1806 1
1585 -2108 0
1586 -2114 0
1587 -2106 0
1588 -2104 0
1589 -2116 0
1590 -1834 0
1591 -1828 0
1592 -2112 0
1593 -1831 0
1594 -2110 0
1595 -2118 0
1596 -1813 0
1597 -1807 0
1598 -2102 0
1599 -1801 0
1600 -1804 0
1601 -220 0
1602 -865 0
1603 -1020 0
1604 -223 0
1605 -623 0
1606 -820 0
1607 -420 0
1608 -823 0
1609 -1023 0
1610 -423 0
1611 -1223 0
1612 -1263 0
1613 -1219 0
1614 -1533 0
1615 -862 0
1616 -665 0
1617 -1062 0
1618 -462 0
1619 -1065 0
1620 -265 0
1621 -1531 0
1622 -662 0
1623 -620 0
1624 -262 0
1625 -1264 1
1626 -1511 0
1627 0 0
1628 -1265 1
1629 0 0
1630 -1066 1
1631 0 0
1632 -1162 1
1633 -1333 1
1634 0 0
1635 0 0
1636 -1124 1
1637 -964 1
1638 -1433 1
1639 -966 1
1640 -1122 1
1641 -1266 1
1642 -1332 1
1643 -965 1
1644 -561 1
1645 -766 1
1646 -1431 1
1647 -365 1
1648 -1121 1
1649 -1262 1
1650 -1123 1
1651 -1331 1
1652 -1261 1
1653 -920 1
1654 -1432 1
1655 -1224 1
1656 -1021 1
1657 -419 1
1658 -1063 1
1659 -1165 1
1660 -963 1
1661 -1222 1
1662 -1512 1
1663 -1061 1
1664 -1161 1
1665 -1019 1
1666 -919 1
1667 -1163 1
1668 -1022 1
1669 -961 1
1670 -1119 1
1671 -1221 1
1672 -1310 1
1673 -1166 1
1674 -1220 1
1675 -962 1
1676 -922 1
1677 -1024 1
1678 -1312 1
1679 -1412 1
1680 -1120 1
1681 -1411 1
1682 -1064 1
1683 -1510 1
1684 -164 1
1685 -1410 1
1686 -266 1
1687 -923 1
1688 -166 1
1689 -924 1
1690 -264 1
1691 -921 1
1692 -866 1
1693 -1311 1
1694 -764 1
1695 -1164 1
1696 -562 1
1697 -364 1
1698 -461 1
1699 -663 1
1700 -361 1
1701 -263 1
1702 -464 1
1703 -362 1
1704 -565 1
1705 -521 1
1706 -163 1
1707 -261 1
1708 -563 1
1709 -463 1
1710 -661 1
1711 -666 1
1712 -363 1
1713 -564 1
1714 -466 1
1715 -664 1
1716 -566 1
1717 -864 1
1718 -765 1
1719 -161 1
1720 -162 1
1721 -165 1
1722 -523 1
1723 -621 1
1724 -721 1
1725 -819 1
1726 -719 1
1727 -522 1
1728 -520 1
1729 -322 1
1730 -861 1
1731 -761 1
1732 -421 1
1733 -720 1
1734 -763 1
1735 -619 1
1736 -123 1
1737 -319 1
1738 -622 1
1739 -762 1
1740 -824 1
1741 -519 1
1742 -119 1
1743 -219 1
1744 -120 1
1745 -524 1
1746 -224 1
1747 -320 1
1748 -723 1
1749 -321 1
1750 -323 1
1751 -221 1
1752 -121 1
1753 -422 1
1754 -424 1
1755 -822 1
1756 -124 1
1757 -624 1
1758 -324 1
1759 -722 1
1760 -724 1
1761 -1529 0
1762 -256 0
1763 665 0
1764 -1056 0
1765 261 0
1766 -1059 0
1767 961 0
1768 862 0
1769 1061 0
1770 1262 0
1771 264 0
1772 1266 0
1773 1062 0
1774 865 0
1775 1065 0
1776 -656 0
1777 -856 0
1778 -659 0
1779 -259 0
1780 -1255 0
1781 -1259 0
1782 -859 0
1783 1532 0
1784 -459 0
1785 465 0
1786 -1060 1
1787 662 0
1788 -1159 1
1789 462 0
1790 -1257 1
1791 962 0
1792 -1156 1
1793 -456 0
1794 -1155 1
1795 0 0
1796 -957 1
1797 763 1
1798 -1260 1
1799 -1532 1
1800 -955 1
1801 -1330 1
1802 -1329 1
1803 -1158 1
1804 -1058 1
1805 -1160 1
1806 -1530 1
1807 -1258 1
1808 -1055 1
1809 -1428 1
1810 -1328 1
1811 -1157 1
1812 464 1
1813 -956 1
1814 866 1
1815 -958 1
1816 363 1
1817 -860 1
1818 461 1
1819 -1429 1
1820 364 1
1821 -959 1
1822 1431 1
1823 -1528 1
1824 663 1
1825 -1430 1
1826 361 1
1827 -1057 1
1828 266 1
1829 -960 1
1830 1264 1
1831 -1256 1
1832 861 1
1833 564 1
1834 165 1
1835 762 1
1836 1161 1
1837 163 1
1838 265 1
1839 1166 1
1840 563 1
1841 1063 1
1842 263 1
1843 463 1
1844 664 1
1845 963 1
1846 166 1
1847 162 1
1848 864 1
1849 1162 1
1850 1265 1
1851 -159 1
1852 366 1
1853 362 1
1854 1331 1
1855 -858 1
1856 761 1
1857 466 1
1858 566 1
1859 1066 1
1860 565 1
1861 365 1
1862 1533 1
1863 562 1
1864 666 1
1865 964 1
1866 1333 1
1867 164 1
1868 1064 1
1869 1163 1
1870 1433 1
1871 764 1
1872 765 1
1873 1261 1
1874 561 1
1875 262 1
1876 1263 1
1877 1164 1
1878 1531 1
1879 966 1
1880 1332 1
1881 965 1
1882 -756 1
1883 661 1
1884 -455 1
1885 766 1
1886 -660 1
1887 1165 1
1888 -655 1
1889 1432 1
1890 -160 1
1891 -356 1
1892 -760 1
1893 -360 1
1894 -260 1
1895 -559 1
1896 -759 1
1897 -358 1
1898 -460 1
1899 161 1
1900 -558 1
1901 -556 1
1902 -560 1
1903 -555 1
1904 -257 1
1905 -255 1
1906 -357 1
1907 -855 1
1908 -658 1
1909 -355 1
1910 -458 1
1911 -557 1
1912 -359 1
1913 -457 1
1914 -657 1
1915 -156 1
1916 -758 1
1917 -155 1
1918 -757 1
1919 -157 1
1920 -755 1
1921 -1001 0
1922 1059 0
1923 -602 0
1924 1056 0
1925 -202 0
1926 856 0
1927 -1005 0
1928 258 0
1929 -605 0
1930 255 0
1931 -1501 0
1932 1530 0
1933 -1002 0
1934 459 0
1935 -205 0
1936 456 0
1937 -802 0
1938 656 0
1939 -805 0
1940 859 0
1941 -1203 0
1942 659 0
1943 -1503 0
1944 1528 0
1945 -405 0
1946 -1103 1
1947 -902 0
1948 -1003 1
1949 -402 0
1950 -903 1
1951 1258 0
1952 -1102 1
1953 -901 0
1954 -1205 1
1955 0 0
1956 -1204 1
1957 0 0
1958 -1004 1
1959 -1105 1
1960 -1401 1
1961 -1104 1
1962 -1301 1
1963 -1502 1
1964 -1006 1
1965 -1201 1
1966 -1302 1
1967 -905 1
1968 -904 1
1969 -1206 1
1970 959 1
1971 -1101 1
1972 1158 1
1973 -1202 1
1974 855 1
1975 -906 1
1976 557 1
1977 -1402 1
1978 160 1
1979 -1403 1
1980 757 1
1981 -1303 1
1982 556 1
1983 -306 1
1984 457 1
1985 -1106 1
1986 -806 1
1987 559 1
1988 158 1
1989 660 1
1990 357 1
1991 657 1
1992 955 1
1993 455 1
1994 858 1
1995 1156 1
1996 355 1
1997 159 1
1998 1060 1
1999 -804 1
2000 1257 1
2001 -702 1
2002 359 1
2003 860 1
2004 956 1
2005 760 1
2006 1058 1
2007 260 1
2008 759 1
2009 259 1
2010 1159 1
2011 1155 1
2012 460 1
2013 257 1
2014 356 1
2015 957 1
2016 -304 1
2017 -106 1
2018 -705 1
2019 -706 1
2020 1259 1
2021 1330 1
2022 655 1
2023 -105 1
2024 -401 1
2025 -503 1
2026 -704 1
2027 -206 1
2028 -703 1
2029 156 1
2030 -701 1
2031 358 1
2032 555 1
2033 -406 1
2034 -606 1
2035 -203 1
2036 1157 1
2037 -801 1
2038 155 1
2039 -601 1
2040 157 1
2041 -504 1
2042 -603 1
2043 -403 1
2044 1256 1
2045 558 1
2046 1430 1
2047 -305 1
2048 1328 1
2049 -302 1
2050 1429 1
2051 -303 1
2052 960 1
2053 -201 1
2054 1055 1
2055 1255 1
2056 1057 1
2057 -501 1
2058 -301 1
2059 -404 1
2060 -505 1
2061 -102 1
2062 560 1
2063 -506 1
2064 658 1
2065 458 1
2066 755 1
2067 1329 1
2068 1428 1
2069 -604 1
2070 1529 1
2071 -101 1
2072 360 1
2073 -502 1
2074 758 1
2075 -103 1
2076 1260 1
2077 1160 1
2078 256 1
2079 958 1
2080 756 1
2081 1834 0
2082 -1068 0
2083 1822 0
2084 -271 0
2085 1819 0
2086 -671 0
2087 2111 0
2088 -471 0
2089 2113 0
2090 -468 0
2091 1825 0
2092 -871 0
2093 2117 0
2094 -868 0
2095 1828 0
2096 -268 0
2097 1831 0
2098 -1267 0
2099 2115 0
2100 -1535 0
2101 -1271 0
2102 -668 0
2103 -1071 0
2104 0 0
2105 0 0
2106 -972 1
2107 -1171 1
2108 -967 1
2109 -1270 1
2110 -969 1
2111 -1069 1
2112 -1335 1
2113 -1268 1
2114 -1534 1
2115 -971 1
2116 -1169 1
2117 -1334 1
2118 -1167 1
2119 -1435 1
2120 -1272 1
2121 -1072 1
2122 -1070 1
2123 -1172 1
2124 -1168 1
2125 -1436 1
2126 -970 1
2127 -1067 1
2128 -968 1
2129 -1336 1
2130 2013 1
2131 -1170 1
2132 1629 1
2133 1918 1
2134 2016 1
2135 -1434 1
2136 1721 1
2137 -1536 1
2138 1727 1
2139 -1269 1
2140 1733 1
2141 2018 1
2142 1827 1
2143 2110 1
2144 2114 1
2145 1910 1
2146 1830 1
2147 2012 1
2148 1914 1
2149 2010 1
2150 1821 1
2151 2011 1
2152 1832 1
2153 1913 1
2154 1911 1
2155 1912 1
2156 1723 1
2157 1833 1
2158 1826 1
2159 1735 1
2160 1635 1
2161 1625 1
2162 1619 1
2163 1624 1
2164 1621 1
2165 1824 1
2166 1633 1
2167 1622 1
2168 1820 1
2169 1823 1
2170 1720 1
2171 1719 1
2172 1726 1
2173 1630 1
2174 1917 1
2175 1724 1
2176 1626 1
2177 1732 1
2178 1835 1
2179 1736 1
2180 -171 1
2181 1836 1
2182 -470 1
2183 2116 1
2184 -372 1
2185 1627 1
2186 -570 1
2187 1915 1
2188 -369 1
2189 1916 1
2190 -267 1
2191 1632 1
2192 -669 1
2193 1636 1
2194 -772 1
2195 1634 1
2196 -672 1
2197 2014 1
2198 -371 1
2199 1729 1
2200 -272 1
2201 1734 1
2202 1730 1
2203 1731 1
2204 1628 1
2205 2015 1
2206 -572 1
2207 1631 1
2208 -170 1
2209 2017 1
2210 -870 1
2211 1722 1
2212 -270 1
2213 2112 1
2214 -370 1
2215 2118 1
2216 -172 1
2217 1829 1
2218 -571 1
2219 1620 1
2220 -167 1
2221 1725 1
2222 -367 1
2223 1623 1
2224 -568 1
2225 -368 1
2226 -168 1
2227 -467 1
2228 -670 1
2229 -667 1
2230 -771 1
2231 -768 1
2232 -767 1
2233 -469 1
2234 -770 1
2235 -472 1
2236 -867 1
2237 -569 1
2238 -872 1
2239 -567 1
2240 -769 1
